ell_a = 4.000000000000e-01
Da = 5.000000000000e-09
chi_guess = 0.000000000000e+00
chi_eq_analytic = nan
chi_s_star = 4.950928290654e-11
E_full = 6.385012789894e-06
J = 1.035437219301e-09
L = -4.128449389964e-20
W2_floor = 1.000000000000e-300
W2_min_allowed = 1.000000000000e-299
